28
8
0 2477 5698 6295 3660 4712 5290 8419 4646 9356 5940 5023 3042 4325 7128 1699 9560 2556 6342 1466 9297 5773 2922 9163 5740 2425 2418 3898
2477 0 4265 4862 4747 3279 6377 6986 3213 7923 4507 6110 1609 5412 5695 2786 8127 3643 4909 1363 7864 4340 4009 7730 4307 1942 3505 2465
5698 4265 0 1443 7968 1938 9598 3567 2414 4504 1088 9331 3488 8633 2276 6007 4708 6864 1490 4584 4445 921 7230 4311 1444 5163 6726 3366
6295 4862 1443 0 8565 2535 10195 3884 3011 4821 1405 9928 4085 9230 2593 6604 5025 7461 1807 5181 4762 1388 7827 4628 2041 5760 7323 3963
3660 4747 7968 8565 0 6982 3156 10689 6916 11626 8210 2889 5312 2191 9398 2071 11830 1320 8612 3736 11567 8043 1306 11433 8010 4695 2324 6168
4712 3279 1938 2535 6982 0 8612 4659 1428 5596 2180 8345 2502 7647 3368 5021 5800 5878 2582 3598 5537 2013 6244 5403 1980 4177 5740 2380
5290 6377 9598 10195 3156 8612 0 12319 8546 13256 9840 917 6942 2175 11028 3701 13460 2950 10242 5366 13197 9673 2936 13063 9640 6325 3954 7798
8419 6986 3567 3884 10689 4659 12319 0 5135 2779 3207 12052 6209 11354 1411 8728 2983 9585 2541 7305 2720 3512 9951 2586 4165 7884 9447 6087
4646 3213 2414 3011 6916 1428 8546 5135 0 6072 2656 8279 2436 7581 3844 4955 6276 5812 3058 3532 6013 2489 6178 5879 2456 4111 5674 2314
9356 7923 4504 4821 11626 5596 13256 2779 6072 0 4144 12989 7146 12291 2348 9665 558 10522 3478 8242 1877 4449 10888 863 5102 8821 10384 7024
5940 4507 1088 1405 8210 2180 9840 3207 2656 4144 0 9573 3730 8875 1916 6249 4348 7106 1130 4826 4085 1033 7472 3951 1686 5405 6968 3608
5023 6110 9331 9928 2889 8345 917 12052 8279 12989 9573 0 6675 1908 10761 3434 13193 2683 9975 5099 12930 9406 2669 12796 9373 6058 3687 7531
3042 1609 3488 4085 5312 2502 6942 6209 2436 7146 3730 6675 0 5977 4918 3351 7350 4208 4132 1928 7087 3563 4574 6953 3530 2507 4070 1688
4325 5412 8633 9230 2191 7647 2175 11354 7581 12291 8875 1908 5977 0 10063 2736 12495 1985 9277 4401 12232 8708 1971 12098 8675 5360 2989 6833
7128 5695 2276 2593 9398 3368 11028 1411 3844 2348 1916 10761 4918 10063 0 7437 2552 8294 1250 6014 2289 2221 8660 2155 2874 6593 8156 4796
1699 2786 6007 6604 2071 5021 3701 8728 4955 9665 6249 3434 3351 2736 7437 0 9869 967 6651 1775 9606 6082 1333 9472 6049 2734 829 4207
9560 8127 4708 5025 11830 5800 13460 2983 6276 558 4348 13193 7350 12495 2552 9869 0 10726 3682 8446 2081 4653 11092 1067 5306 9025 10588 7228
2556 3643 6864 7461 1320 5878 2950 9585 5812 10522 7106 2683 4208 1985 8294 967 10726 0 7508 2632 10463 6939 582 10329 6906 3591 1220 5064
6342 4909 1490 1807 8612 2582 10242 2541 3058 3478 1130 9975 4132 9277 1250 6651 3682 7508 0 5228 3419 1435 7874 3285 2088 5807 7370 4010
1466 1363 4584 5181 3736 3598 5366 7305 3532 8242 4826 5099 1928 4401 6014 1775 8446 2632 5228 0 8183 4659 2998 8049 4626 1311 2494 2784
9297 7864 4445 4762 11567 5537 13197 2720 6013 1877 4085 12930 7087 12232 2289 9606 2081 10463 3419 8183 0 4390 10829 1684 5043 8762 10325 6965
5773 4340 921 1388 8043 2013 9673 3512 2489 4449 1033 9406 3563 8708 2221 6082 4653 6939 1435 4659 4390 0 7305 4256 1519 5238 6801 3441
2922 4009 7230 7827 1306 6244 2936 9951 6178 10888 7472 2669 4574 1971 8660 1333 11092 582 7874 2998 10829 7305 0 10695 7272 3957 1586 5430
9163 7730 4311 4628 11433 5403 13063 2586 5879 863 3951 12796 6953 12098 2155 9472 1067 10329 3285 8049 1684 4256 10695 0 4909 8628 10191 6831
5740 4307 1444 2041 8010 1980 9640 4165 2456 5102 1686 9373 3530 8675 2874 6049 5306 6906 2088 4626 5043 1519 7272 4909 0 5205 6768 3408
2425 1942 5163 5760 4695 4177 6325 7884 4111 8821 5405 6058 2507 5360 6593 2734 9025 3591 5807 1311 8762 5238 3957 8628 5205 0 3453 3363
2418 3505 6726 7323 2324 5740 3954 9447 5674 10384 6968 3687 4070 2989 8156 829 10588 1220 7370 2494 10325 6801 1586 10191 6768 3453 0 4926
3898 2465 3366 3963 6168 2380 7798 6087 2314 7024 3608 7531 1688 6833 4796 4207 7228 5064 4010 2784 6965 3441 5430 6831 3408 3363 4926 0
