20
0.00 1.18 0.51 1.38 1.38 0.76 1.34 0.91 0.65 1.60 0.84 0.48 1.03 1.53 1.25 0.69 1.10 0.92 0.88 1.01
1.18 0.00 0.96 1.27 1.17 1.07 0.17 0.76 0.53 1.16 1.27 1.01 1.56 0.94 0.39 1.78 1.59 0.60 1.27 1.45
0.51 0.96 0.00 1.77 1.45 1.17 1.16 0.78 0.65 1.17 1.46 0.87 1.68 1.20 1.05 0.98 1.66 0.70 0.47 1.13
1.38 1.27 1.77 0.00 0.92 1.06 0.98 1.10 1.37 0.76 0.58 1.35 0.31 1.11 1.03 0.75 0.47 1.25 1.54 0.92
1.38 1.17 1.45 0.92 0.00 1.02 1.25 1.31 1.17 0.53 0.87 1.08 0.89 0.39 0.86 0.83 0.53 1.20 1.14 0.61
0.76 1.07 1.17 1.06 1.02 0.00 1.16 1.50 1.07 1.20 0.47 1.10 0.56 0.99 1.07 1.00 0.59 1.80 0.77 0.90
1.34 0.17 1.16 0.98 1.25 1.16 0.00 0.52 0.62 1.01 1.09 0.85 1.34 1.21 0.52 1.81 1.34 0.71 1.18 1.41
0.91 0.76 0.78 1.10 1.31 1.50 0.52 0.00 0.31 0.89 1.48 0.63 1.38 1.40 0.90 1.20 1.13 0.53 0.72 0.74
0.65 0.53 0.65 1.37 1.17 1.07 0.62 0.31 0.00 1.15 1.43 0.83 1.59 1.12 0.45 1.08 1.23 0.77 0.77 0.77
1.60 1.16 1.17 0.76 0.53 1.20 1.01 0.89 1.15 0.00 1.07 1.40 0.91 0.82 1.09 1.08 0.66 1.23 0.76 0.51
0.84 1.27 1.46 0.58 0.87 0.47 1.09 1.48 1.43 1.07 0.00 0.80 0.33 1.41 1.20 0.97 0.52 1.56 1.32 1.25
0.48 1.01 0.87 1.35 1.08 1.10 0.85 0.63 0.83 1.40 0.80 0.00 1.03 1.54 1.33 1.21 1.01 0.66 0.92 1.14
1.03 1.56 1.68 0.31 0.89 0.56 1.34 1.38 1.59 0.91 0.33 1.03 0.00 1.18 1.56 0.73 0.20 1.55 1.20 0.76
1.53 0.94 1.20 1.11 0.39 0.99 1.21 1.40 1.12 0.82 1.41 1.54 1.18 0.00 0.64 0.85 0.95 1.09 1.01 0.75
1.25 0.39 1.05 1.03 0.86 1.07 0.52 0.90 0.45 1.09 1.20 1.33 1.56 0.64 0.00 1.11 1.32 0.95 1.26 1.22
0.69 1.78 0.98 0.75 0.83 1.00 1.81 1.20 1.08 1.08 0.97 1.21 0.73 0.85 1.11 0.00 0.61 1.26 0.96 0.56
1.10 1.59 1.66 0.47 0.53 0.59 1.34 1.13 1.23 0.66 0.52 1.01 0.20 0.95 1.32 0.61 0.00 1.66 0.90 0.33
0.92 0.60 0.70 1.25 1.20 1.80 0.71 0.53 0.77 1.23 1.56 0.66 1.55 1.09 0.95 1.26 1.66 0.00 1.31 1.32
0.88 1.27 0.47 1.54 1.14 0.77 1.18 0.72 0.77 0.76 1.32 0.92 1.20 1.01 1.26 0.96 0.90 1.31 0.00 0.52
1.01 1.45 1.13 0.92 0.61 0.90 1.41 0.74 0.77 0.51 1.25 1.14 0.76 0.75 1.22 0.56 0.33 1.32 0.52 0.00
