0 249 57 254 94 133 192 242 52 199 96 50 125 63 42 139 231 43 216 34 32 169 113 264 82 19 181 156 259 268 148 121
249 0 296 31 181 136 75 35 291 62 167 209 154 202 281 130 40 224 53 235 271 94 164 41 195 248 84 107 36 45 123 140
57 296 0 301 141 180 239 289 19 246 143 97 172 110 33 186 278 90 263 81 51 216 160 311 129 66 228 203 306 315 195 168
254 31 301 0 186 141 80 40 296 67 172 214 159 207 286 135 45 229 58 240 276 99 169 32 200 253 89 112 27 36 128 145
94 181 141 186 0 65 124 174 136 131 28 54 57 47 126 71 163 69 148 80 116 101 45 196 40 93 113 88 191 200 80 53
133 136 180 141 65 0 79 129 175 86 51 93 38 86 165 26 118 108 103 119 155 56 48 151 79 132 68 43 146 155 35 24
192 75 239 80 124 79 0 68 234 25 110 152 97 145 224 73 57 167 42 178 214 37 107 90 138 191 27 50 85 94 66 83
242 35 289 40 174 129 68 0 284 55 160 202 147 195 274 123 33 217 46 228 264 87 157 50 188 241 77 100 45 54 116 133
52 291 19 296 136 175 234 284 0 241 138 92 167 105 28 181 273 85 258 76 46 211 155 306 124 61 223 198 301 310 190 163
199 62 246 67 131 86 25 55 241 0 117 159 104 152 231 80 44 174 29 185 221 44 114 77 145 198 34 57 72 81 73 90
96 167 143 172 28 51 110 160 138 117 0 56 43 49 128 57 149 71 134 82 118 87 31 182 42 95 99 74 177 186 66 39
50 209 97 214 54 93 152 202 92 159 56 0 85 23 82 99 191 25 176 36 72 129 73 224 42 49 141 116 219 228 108 81
125 154 172 159 57 38 97 147 167 104 43 85 0 78 157 44 136 100 121 111 147 74 40 169 71 124 86 61 164 173 53 26
63 202 110 207 47 86 145 195 105 152 49 23 78 0 95 92 184 38 169 49 85 122 66 217 35 62 134 109 212 221 101 74
42 281 33 286 126 165 224 274 28 231 128 82 157 95 0 171 263 75 248 66 36 201 145 296 114 51 213 188 291 300 180 153
139 130 186 135 71 26 73 123 181 80 57 99 44 92 171 0 112 114 97 125 161 50 54 145 85 138 62 37 140 149 29 30
231 40 278 45 163 118 57 33 273 44 149 191 136 184 263 112 0 206 35 217 253 76 146 55 177 230 66 89 50 59 105 122
43 224 90 229 69 108 167 217 85 174 71 25 100 38 75 114 206 0 191 29 65 144 88 239 57 42 156 131 234 243 123 96
216 53 263 58 148 103 42 46 258 29 134 176 121 169 248 97 35 191 0 202 238 61 131 68 162 215 51 74 63 72 90 107
34 235 81 240 80 119 178 228 76 185 82 36 111 49 66 125 217 29 202 0 56 155 99 250 68 33 167 142 245 254 134 107
32 271 51 276 116 155 214 264 46 221 118 72 147 85 36 161 253 65 238 56 0 191 135 286 104 41 203 178 281 290 170 143
169 94 216 99 101 56 37 87 211 44 87 129 74 122 201 50 76 144 61 155 191 0 84 109 115 168 26 27 104 113 43 60
113 164 160 169 45 48 107 157 155 114 31 73 40 66 145 54 146 88 131 99 135 84 0 179 59 112 96 71 174 183 63 36
264 41 311 32 196 151 90 50 306 77 182 224 169 217 296 145 55 239 68 250 286 109 179 0 210 263 99 122 27 24 138 155
82 195 129 200 40 79 138 188 124 145 42 42 71 35 114 85 177 57 162 68 104 115 59 210 0 81 127 102 205 214 94 67
19 248 66 253 93 132 191 241 61 198 95 49 124 62 51 138 230 42 215 33 41 168 112 263 81 0 180 155 258 267 147 120
181 84 228 89 113 68 27 77 223 34 99 141 86 134 213 62 66 156 51 167 203 26 96 99 127 180 0 39 94 103 55 72
156 107 203 112 88 43 50 100 198 57 74 116 61 109 188 37 89 131 74 142 178 27 71 122 102 155 39 0 117 126 30 47
259 36 306 27 191 146 85 45 301 72 177 219 164 212 291 140 50 234 63 245 281 104 174 27 205 258 94 117 0 31 133 150
268 45 315 36 200 155 94 54 310 81 186 228 173 221 300 149 59 243 72 254 290 113 183 24 214 267 103 126 31 0 142 159
148 123 195 128 80 35 66 116 190 73 66 108 53 101 180 29 105 123 90 134 170 43 63 138 94 147 55 30 133 142 0 39
121 140 168 145 53 24 83 133 163 90 39 81 26 74 153 30 122 96 107 107 143 60 36 155 67 120 72 47 150 159 39 0